acc = 0.755
eval_loss = 1.3786204629391432
f1 = 0.7215909090909091
fn = 125
fp = 71
mcc = 0.5098900586757867
tn = 350
tp = 254
